0000000000000000
0000000000000000
0010000000000000
0000000010000000
0010000001010101
0000000000001000
0000010010000000
0010000000000000
0000000000000000
0000000010000000
0010000000011000
0010000110000001
0000000001001100
0000000010000000
0010000000011001
0000000010000000
0000000000000000
0010000010001000
0000000011010101
0100000010001000
0010000000100001
0000000010011000
0010100000001100
1100000011010001
0000000000000000
0000000010001001
0000010001011100
0100000010100001
0000000000011000
0000000011001101
1100010000111000
0010000010000001
0000000000000000
0000010000011001
0100010001001100
0000000010110001
1100000000011000
0000010001100101
0000010000011000
0100001010000001
0000000000000000
0000010000011001
0100000001000000
0000010000011101
0100000000000001
1000010001111000
0100010000001001
0000000000011101
0000000000000000
0000010000011001
0100000001000001
0000010000011101
1100100000000001
0000010001011001
0101010000100101
0000000000011001
0000000000000000
0000010000010001
0100000001001101
0001110000010000
1100000001001001
0000010000110101
0100000000011001
1001110011000001
0000000000000000
0000010000010001
0100000001001101
1001110000010000
0000000001001001
0100010010010101
1000000001111001
0101110000000101
0000000000000000
0000000000010001
0100010000011001
1010000001000100
0101110000111001
0000000010000001
1100010001011001
0000100000000100
0000000000000000
0000000000001001
0100110000010001
0001000011001000
1000110000010101
0100000000001000
0000110011010001
0001000000001000
0000000000000000
0000000000000001
0000100010010000
0101000001001001
1000110010010000
0000000000000001
0101100010001000
0000010000010001
0000000000000000
0000100010000000
0001000010010001
0110100001000000
1000000010001001
0011100000010000
0000000010101100
0100100010000001
0000000000000000
0000000010000000
0010000010001000
0000100010100001
0110000001001000
0010000010000100
0000000010001001
0010100000101000
0000000000000000
0000000010001000
0000000010101001
0100010010000100
1000000000001001
0000000011101000
0010100010000100
0100010000001001
0000000000000000
0000000000001000
0100010000101001
1010000010001000
0100010000101101
0000001010001000
0010100000101000
0100010010001001
0000000000000000
0100010000001001
0000000000001000
0110010010001001
0000100000101000
0100010011001001
1010001000001100
0100010000001001
0000000000000000
0100000000001001
0000010010001000
0110100000000001
1000000010001000
0100110001001001
0010000000001000
0100010010001001
0000000000000000
0100000000001001
0000100010000000
0110000001001001
0000110010000000
0110000000001001
1000100000000001
0100000011001001
0000000000000000
0100000000001001
0000100000000001
0110000011001001
0000100000000001
1101000000001001
0010100011000001
0100000000001001
0000000000000000
0000100000000001
0110000000001001
1001100011000001
0110000000001001
0000100000000001
1100000011001001
0010100000000001
0000000000000000
0100000000000001
0010100000001001
1101000011000001
0010100000001001
0100000000000001
1000100011001001
0110000000000001
0000000000000000
0100000000000001
0010100000001000
1100000011000001
0011100000001001
0100000000000001
1000100000001001
0110100011000000
0000000000000000
0000000000001001
0100100000000000
0001100000001001
1110000001000000
0000110000001001
0101000000000000
0000100000001001
0000000000000000
0000000000001001
0101100000000000
1000010000001001
0100100000001000
0001101000001001
0000110000001000
1100100000001001
0000000000000000
0000000000001000
0001100000000001
0110011000001000
1000100000000001
0001100010001000
0100011000000001
0010100000101000
0000000000000000
0010010000001000
0000010000101000
0010001000001101
0100010000011000
1010100000101001
0000010000001000
0011011001101100
0000000000000000
0000010000001000
0000011000111101
0000010000001000
0100110000011001
1010011000101100
0001010000001000
0000111000111001
0000000000000000
0000010000011000
0000110000000001
0100011000011100
0000110000001001
1000010000111000
0011111000001100
0100010000011001
0000000000000000
0000010000010000
0100100000001101
0000010000011000
0011100000001001
1100010000011100
0000100000000000
0010010000111001
0000000000000000
0000010000011000
0100100000001001
0000010000011100
0111100000001001
0000010000011000
1000100000000101
0110010000011000
0000000000000000
0000010000011001
0100100000001000
0001010000011001
1110100000001100
0000010000011001
0101100000001000
0000010000011001
0000000000000000
0000100000011001
0100010000001001
0000100000011101
1111010000001001
0000100000011001
0100110000001000
0000000000011101
0000000000000000
0100100000011001
0000010000001001
0110100000011101
1001010000001001
0100100000011001
0000010000001001
0110100000011101
0000000000000000
0100100000011001
0000010000001001
1100100000011001
0010010000001101
0101100000011001
0000010000001001
1100100000011001
0000000000000000
0100000000011001
0000110000001000
1100000000011001
0011110000001101
0100100000011000
0000010000001001
1111100000011000
0000000000000000
0100000000011001
0000110000001000
1101100000011001
0010010000001001
0100100000011100
0001110000001001
0110100000011000
0000000000000000
0100000000011001
0001110000001000
1100100000011001
0010010000001100
0001100000011001
0100110000001000
0001100000011001
0000000000000000
0000110000011001
0101110000001100
1000100000011001
0100010000001000
0011100000011001
0000111000001100
1001110000111001
0000000000000000
0000000000001000
0000110000010001
0010011000101100
0100100000011001
1000010000001000
0010100000011000
0000010001100101
0000000000000000
0000100000001000
0001110000010101
0010000011101000
0100110000010001
1001100000001000
0010011000010100
0100100000101001
0000000000000000
0000100000000000
0011100000001001
1000110010110100
0111100000001001
0000100000000000
0011110001111000
1000100000000001
0000000000000000
0000100000000000
0011100000001001
1000100000100000
0111100000001001
0000100000010000
1011100000101001
0000100010000000
0000000000000000
0001100000000000
0010100000001001
1001100000100000
0010100010001001
0101100000000000
1010100000111001
0001100000000000
0000000000000000
0001100000000000
0010100000001001
1001100000100000
0010100000001101
0101100000000000
1010100000101000
0001100000010001
0000000000000000
0001100000001000
0010100000000000
1001100000101001
0000100000000100
0111100000001000
1001101000100001
0000100000000000
0000000000000000
0001100000001000
0001100000000001
1010100000000000
0001100000101101
0000101000000000
0111110000000000
1000100000001001
0000000000000000
0000100000000001
0011100000001000
1000100000000000
0111100000101001
0001100000000100
0010110000000000
1001101000001011
0000000000000000
0000100000000001
0011100000001000
1000100000000000
0011100000101101
0000100000000000
0111100000001000
1000110000000001
0000000000000000
0000100000001001
0011100000000000
0000100000001000
1111100000100101
0000100000001000
0011100000000000
1000100000001001
0000000000000000
0000100000001001
1111100000000000
0000100000000000
0001100000101101
0010100000000000
1001110000001000
0011101000000001
0000000000000000
0000100000001001
1001100000000000
0110110000000000
0001100000101101
0010100000000000
1001100000001000
0001101000000001
0000000000000000
0000000000001000
0000100001101101
0000000000000000
1011100001001001
0100000000011100
0000100000101001
0010000100000000
0000000000000000
0000100001100000
0011100000001101
1000100000000000
0011100001101001
0100110000010100
1011100000001001
0000100000000000
0000000000000000
0001100001000000
0010100000101001
1001100000000100
0110100000001001
0001100001110000
1010101000001101
0001110000000000
0000000000000000
0001100000000000
1010100000101001
0001100000000100
0110100000011001
1001100001100000
0011100000001001
0000100000000100
0000000000000000
0001100000000000
0010100000101001
1001100000000100
0010100000001001
0101100001100000
1011101000001000
0000110000010101
0000000000000000
0000100000000000
0011100000001001
1000100000100100
0001100001000001
0110100000011000
0001101000100000
1000100000000001
0000000000000000
0000100000001000
1001100000000001
0010100000110000
0001100001000101
0000100000001000
1011100100100000
0100100000010001
0000000000000000
0000100000000000
1011100000000001
0000100000011000
0111000001100101
0001100100000000
1010100000000000
0001100100110001
0000000000000000
0000100000000000
0011000000000001
1000100101011000
0111100000100101
0001100000000000
0010100101000000
0001100000011011
0000000000000000
0000100000000000
1011100001001001
0001100100110100
0000100000000000
0011100001000001
0000100100100100
1001100000011001
0000000000000000
0000100000000000
1001100001001001
0010100100100100
0001100001010000
0000100000000001
0011000100100100
1000100001000011
0000000000000000
0000100000000000
1001100001000001
0011100000110100
0001100101000010
0000100000001001
1011100000100100
0000100101010000
0000000000000000
0000100000000001
1001100001000000
0010100100010001
0001100000100100
0110100001001001
1001100100010010
0010100000000000
0000000000000000
0000000001000100
0000000000001001
0100000001101000
0000100000000101
0000000101011000
1110000000100101
0000110000001000
0000000001000000
0001000000000101
0000100001000000
1111100000001001
0000000001100100
0001100000000001
1110100101000100
0001000000001001
0000000000000000
0001000001000001
0010100000000100
1101100001101001
0000100000000000
0011100001000101
1000100100101000
0111100001010001
0000000000000000
0001100001000001
1010100000100100
0101100001000001
0000100000001100
1011100001100001
0000100000010100
0111100101001001
0000000000000000
0001100001000000
0010100000000101
1001100001100000
0010100000001001
0101100000010100
1000100101100001
0011100000001000
0000000000000000
0000100000000000
0001100000000001
1110000001100100
0001100100001001
0001100000000000
0011000001110101
1000100000000000
0000000000000000
0000100000000000
0001100001000001
1010100000000100
0101000101100001
0001100000000000
0000100011000100
1011100000100001
0000000000000000
0000100000000000
0001000001000001
1010100100100100
0101000001000001
0011100000000000
0000100111100100
0011100000000001
0000000000000000
0000100000000001
0011000101000000
1001100000100101
0100000001000001
0011100100000100
0000000001100000
0001100110000001
0000000000000000
0000000000000001
1111100001000100
0001000100100001
0000100001000000
0011100100000101
0000000001100000
0011100000000001
0000000000000000
0000000001000001
1101100000000000
0011000101100101
0001100000000000
0000100001000101
0011000101100000
0000100000000001
0000000000000000
0000000001000001
1101100100000000
0001100001100101
0010000101000000
0001100000000101
0001100001100010
0010000110000001
0000000000000000
0000100000000001
1111000101000001
0001100000100100
0010000111000000
0001100000000101
0001100001100000
0010000101000001
0000000000000000
0000000001000101
0100000100001000
0000000011000101
0100000000001000
0000000001010001
1100000000001100
0000100111001001
0000000000000000
0000000001000101
0101000100000001
0000100001000001
0111000000000101
1000100001001001
0111000100000001
0000100001000101
0000000000000000
0000000001000001
0101100001000101
0000000000000001
1101100101000001
0010000000001101
0101100001000001
1000000001100001
0000000000000000
0001100001000101
0000000000000000
1101100001000101
0010000100100000
1101100001001001
0000000000000101
0111100001000001
0000000000000000
0001100001000101
0000000000000000
1111100001000101
0000100100100000
0001000001000001
1100100001000101
0011000000001000
0000000000000000
0001000001000101
0000100000000000
1101000101000001
0010100000100100
0001100001000001
0000000101000001
1101100000000100
0000000000000000
0001000001000101
0000100001000000
0001000000000001
0100100101000100
0001000000100001
1010100001000100
0001000000000001
0000000000000000
0000000001000001
0101100000000101
0000000001000000
0001100100000001
0001000001000100
0000101001100001
1011000000000000
0000000000000000
0000000001000001
0001000000000101
0000100001000000
0101000000000001
0010000101000100
0001101000100001
0000000001000000
0000000000000000
0000000001000001
0100000000000101
0011100001000000
0000000010000001
0001000101000100
0000100000000001
0110000001100001
0000000000000000
0000000001000001
0100000000000101
0001100101000000
0000000011000001
0010000000000101
0101100101000000
0000000001100001
0000000000000000
0000000001000001
0100000010000001
0001100101000100
0000000001000001
0100000010000001
0001100101000100
0000000001000001
0000000000000000
0000000001000001
0100000000000001
0011100111000100
0000000001000001
1100000000000001
0001100011100100
0010000000000001
0000000000000000
0100000001000101
0000000000001001
0100000001000101
0000000010001001
0100000001000100
0000000000001001
1100000001000100
0000000000000000
0100000001000001
0000000001000101
0100000100000001
0101000001001101
1000100000000001
0110000001000001
0001000000000101
0000000000000000
0100000001000001
0000000001000101
0100000001001001
1001000101000101
0100000000000001
0000100001001001
1100000000000101
0000000000000000
0100000001000001
0001000001000101
0100000001000001
1000100101000101
0101000000000001
0000000001001001
1110100000000101
0000000000000000
0000000001000001
0101000001000101
1100000001000001
0000100101000001
0101000001000101
0000000000000001
1100100001001101
0000000000000000
0000000001000001
0101000000000101
1100100001000001
0001000100000101
0000100001000001
0100000000000101
1001000001000001
0000000000000000
0000000001000001
0101100000000101
0000000101000001
0101000000000101
0000100001000000
0001000011000101
1110000100000001
0000000000000000
0100000001000001
0000000000000101
0001000111000001
0100100001000101
0000000001000000
0001000001000001
0110100011000101
0000000000000000
0100000001000001
0000000000000001
0001000111000100
0100000001000001
0010100001000100
0001000011000001
0100000000001001
0000000000000000
0100000001000001
0000000000000001
0000000011000100
0100000000001001
0000100001000001
0001000110000100
0100000001000001
0000000000000000
0100000001000001
0000000000001001
0000000011000100
0100000000000001
0000100001000001
0001000010000100
0100010001001001
0000000000000000
0100000001000001
0000000000001001
0000000001000100
0100010000000001
0000100001001001
0101000010000100
0000000001000001
0000000000000000
0100000000000001
0000000001001001
0100000011000000
0100000000000101
0000110001001001
0111000000000000
0000000011000001
0000000000000000
0000000001000101
0100000000001001
0000000001000101
0100000000001000
0000010011010101
0100000001001001
0000000001000101
0000000000000000
0100000001000001
0100000000000101
0000000001000001
1100000000001001
0000000001000101
0100000001000001
0001000111000001
0000000000000000
0100000001000001
0100000001000101
0100000101000001
0100000010000101
1100000001001001
0000000001000101
0100000000000001
0000000000000000
0100000001000001
0100000001000101
0100000001000001
1100000101000001
0000000010001101
0101000001000001
0000100000000001
0000000000000000
0100000001000001
0100000001000001
0100000001000101
0001000011000001
1100000101000001
0000000001000101
0100100000001001
0000000000000000
0100000001000001
0000000001000001
0100000001000101
0001000011000001
0100100101000001
0000000001000101
1100000001000001
0000000000000000
0100000001000001
0000000001000100
0101000001000001
0000000001000001
0100000011000101
0000100001000001
0101000001000001
0000000000000000
0100000001000001
0000000001000000
0100000001000101
0001000001000001
0100000000000001
0000000001000101
0100100001000001
0000000000000000
0100000001000001
0000000000000000
0000010001000101
0101000000000011
0000000001000001
0000110001000100
0101000001000001
0000000000000000
0100000001000001
0000010000000000
0000000001000101
0100010000001011
0100000001000001
0001010000000100
0000100001000001
0000000000000000
0100000001000001
0000010000001000
0000000001000101
0100000000000001
0000010001000101
0001000000001100
0100100001000011
0000000000000000
0100000001000001
0000000000001101
0001010001000100
0100100000000001
0100000001011101
0001010001000100
0000000000000001
0000000000000000
0100000000000001
0000000001001101
0001010001000100
0100000000010001
0000100001001101
0000010001000100
0101000000000001
0000000000000000
0000000001000101
0100000000001001
0000000001000101
0100000010001000
0000010001000001
0100000001000101
0100000001001001
0000000000000000
0100000001000001
0100000000000101
0100000001000001
0100000000001101
0000000001000000
0000000010000001
0100000001000101
0000000000000000
0100000001000101
0100000001000001
0100000001001101
0000000000000001
0100000001000001
0000000010000101
1100000001001001
0000000000000000
0100000001000101
0100000001000001
0100000001001101
0100000001000001
0000000001000001
0100000111000101
0000000000000001
0000000000000000
0100000001000001
0100000001001101
0100000001000001
0100000001000001
0000000001000101
0100000001000001
0000000000001001
0000000000000000
0100000001000001
0100000001000101
0100000001000001
0100000001001101
0000000001000001
0100010001000001
0101000000000101
0000000000000000
0100000001000001
0000000001000101
0100000001000001
0000000001000101
0101000001000001
0100010001000101
0000000000000001
0000000000000000
0100000001000001
0000000000000100
0100000001000001
0000000000010101
0001000001000000
0100000001000101
0000010001000001
0000000000000000
0100000001000001
0000000100000100
0000000001000001
0101100010010101
0000000001000000
0000000001000101
0101000100000011
0000000000000000
0100000001000001
0000000100000100
0001000011000101
0000100000010001
0000000101000100
0111000011000001
0000100000000110
0000000000000000
0100000001000001
0000000100000100
0001000011000101
0000100000000000
0000000101000101
0101000001011100
0000000000000001
0000000000000000
0100000001000001
0000000100000100
0001000001000101
0000100000000001
0100000001000101
0001000101000100
0000000001000001
0000000000000000
0100000001000001
0000000001000101
0001000001000100
0100100000000001
0000000101000001
0101000001000101
0010100000000100
0000000000000000
0100000001000001
0100000000011101
0000000011000001
0100010000001101
0000000001010000
0100000010000001
0100000001001101
0000000000000000
0100000001000001
0100000000000101
0100000001000001
0000000010001001
0100000001000100
0000000001000001
0101100010010001
0000000000000000
0100000001000001
0100000001000101
0100000001000001
0000000000000001
0100000001011101
0000000011000001
0100000001000001
0000000000000000
0100000001000001
0100000001000101
0100000001001001
0100000001000001
0000000001000101
0100000000000001
0000000011000001
0000000000000000
0100000001000001
0100000001000101
0100000001000001
0000000001001001
0100000001000101
0000000000000001
0100000011000001
0000000000000000
0100000001000001
0000000001000101
0100000001000001
0000000001000101
0100000001000001
0000010001000101
0100000000001001
0000000000000000
0100000001000001
0000000001000101
0100000001000001
0001000001000101
0100000001000001
0000010001000101
0100000010000001
0000000000000000
0100000001000001
0000000001000100
0000000011000001
0101000000000101
0000000001000001
0100000011000101
0000000101000001
0000000000000000
0100000001000001
0000000011000100
0001000001000001
0000000001000100
0100000111000101
0001000001000001
0100000001000000
0000000000000000
0100000001000001
0000000011000100
0001000001000001
0000000101000100
0100000011000001
0011000001000101
0000000001000000
0000000000000000
0100000001000001
0000000101000100
0000000011000101
0001000001000001
0100000001000101
0000000011000001
0001000101000100
0000000000000000
0100000001000001
0000000101000100
0000000011000001
0101000001000101
0000000001000001
0100000011000101
0000000101000000
0000000000000000
0100000001000001
0000000001000101
0100000011000001
0001000101000101
0100000001000001
0000000001000101
0001000011000000
0000000000000000
0100000001000001
0100000000001101
0000010011000001
0100000000001000
0001100000000101
0000010001010001
0100000010001101
0000000000000000
0100000001000001
0100000000000101
0100000001001001
0000000000000001
0001100011000100
0100010000000001
0100000001001101
0000000000000000
0100000001000001
0100000001000101
0100000001001001
0000000000000001
0100000011000101
0000000000000001
0100010001001101
0000000000000000
0100000001000001
0100000001000101
0100000001001001
0000000000000001
0100000111000101
0000000000000001
0100000001001101
0000000000000000
0100000001000001
0100000001000101
0100000001000001
0000000001001101
0100000011000001
0000000000000001
0100010001000101
0000000000000000
0100000001000001
0000000001000101
0100000001000001
0000000001000001
0100000001000101
0001000011000001
0100000000000001
0000000000000000
0100000001000001
0000000001000101
0100000001000001
0000000001000001
0101010001000101
0000000011000001
0100000001000101
0000000000000000
0000000001000001
0100000001000100
0000000001000001
0100010001000101
0001000001000001
0100000001000101
0000000001000001
0000000000000000
0000000001000001
0000000001000100
0100010001000001
0001000001000100
0100000001000001
0000010001000101
0100001001000000
0000000000000000
0000000001000001
0000000001000100
0100010001000001
0000000001000100
0100000000000001
0100010001000001
0001001001000100
0000000000000000
0100000001000001
0000000001000100
0000010001000001
0100000011000101
0000000001000001
0100010001000101
0000000001000000
0000000000000000
0100000001000001
0000000001000100
0100000001000001
0000010001001101
0100000011000001
0000000001000101
0100000001000001
0000000000000000
0100000001000001
0000000001000101
0100000011001001
0100000001000101
0000000001000001
0100010011001101
0000000001000001
0000000000000000
0000000001000001
0100010000000101
0000000001000000
0001110000000101
0000000001001000
0100010000000101
0001000001000000
0000000000000000
0000000001000001
0100000000000101
0000000001000001
0101010000000000
0010100001000101
0001000000000001
0100000001001001
0000000000000000
0100000001000001
0100000001000101
0000000001000001
0100000000000000
0000010001001101
0100000000000001
0000000001000001
0000000000000000
0100000001000001
0100000001000101
0000000001000001
0100000010000000
0000000001001101
0100010000000001
0000000001000001
0000000000000000
0100000001000001
0100000001000101
0000000001000001
0100000011000101
0000000001001001
0100010000000101
0000000001000001
0000000000000000
0100000001000001
0100000001000101
0000000001000001
0100000011000101
0000000001001001
0100000000000101
0001000001000001
0000000000000000
0000000001000001
0100000001000101
0000000011000001
0100000001000101
0000000000001001
0100000011000101
0001000101000001
0000000000000000
0100000001000001
0000000011000101
0100000001000001
0000000000000101
0100000111011001
0100000001000001
0001000001000101
0000000000000000
0000000001000001
0100000011000101
0100000001000001
0000000010000101
0100000101011001
0100000001000101
0000000011000100
0000000000000000
0100000001000001
0000000011000100
0100000001001001
0000000011000101
0100000000000001
0100000101010001
0000000011001100
0000000000000000
0100000001000001
0000000011000100
0100000000001001
0000000011000001
0100000001010101
0100000001000001
0000010011001100
0000000000000000
0100000001000001
0000000011000101
0100000000000001
0100000011001001
0000010001000101
0100000001000001
0000000011001101
0000000000000000
0100000001000001
0000000001000101
0100010010001001
0100000001000001
0000000001000101
0100010000001001
0000000011000101
