0000000000000000
1111000100000100
1111000110000100
1111000100000100
1111000110000100
1111000110000100
1111000100000100
1011000110000100
0000000000000000
1111000110000100
1111000110000100
1111000100000100
1111000110000100
1111000110000100
1111000110000100
1011000010000100
0000000000000000
1011000110000100
1111000100000100
1111000110000100
1111000100000100
1111000110000100
1111000110000100
1011000110000100
0000000000000000
1011000110000100
1111000100000100
1111000110000100
1111000100000100
1111000110000100
1111000110000100
1011000110000100
0000000000000000
1011000110000100
1111000100000100
1111010110000100
1111000100000100
1111000110000100
1111000110000100
1111000110000100
0000000000000000
1111000110000100
1111000100000100
1011000110000100
1111000100000100
1111000110000100
1111000110000100
1111000110000100
0000000000000000
1111000110000100
1111010100000100
1010000110000100
1111000100000100
1111000110000100
1111000110000100
1111000110000100
0000000000000000
1111000100000100
1111000100000100
1111000100000100
1111000100000100
1111000100000100
1111000100000100
1111000100000100
0000000000000000
1111000100000100
1111000100000100
1111000100000100
1111000000000000
1111000100000100
1111000100000100
1111000100000100
0000000000000000
1111000100000100
1111000100000100
1111000100000100
1110000000000100
1111000100000100
1111000100000100
1111000100000100
0000000000000000
1111000100000100
1111000100000100
1111000100000100
1010000100000100
1111000100000100
1111000100000100
1111000100000100
0000000000000000
1111000100000100
1111000100000100
1111000100000100
1110000100000100
1111000100000100
1111000100000100
1010000100000100
0000000000000000
1111000100000100
1111000100000100
1010000100000100
1111000100000100
1111000100000100
1111000100000100
1110000100000100
0000000000000000
1111000100000100
0111000100000100
1010000100000100
1111000100000100
1111000100000100
1111000100000100
1110000100000100
0000000000000000
0111000100000100
1111000100000100
0111000100000100
1111000000000000
1111000100000100
1010000000000000
1111000100000100
0000000000000000
0111000100000100
1111000100000100
0111000100000100
1110000000000000
1111000100000100
1110000000000000
1111000100000100
0000000000000000
0111000100000100
1111000100000100
1111000100000100
1010000000000000
1111000100000100
1010000000000000
1111000100000100
0000000000000000
0111000100000100
1111000100000100
1111000100000100
1010000000000000
1111000100000100
1110000000000100
1111000100000100
0000000000000000
0111000100000100
1111000100000100
1110000100000100
1010000000000000
1111000100000100
1110000000000100
1111000100000100
0000000000000000
0111000100000100
0111000000000100
1010000100000100
0110000000000001
1111000100000100
1111000100000100
1111000100000100
0000000000000000
0111000100000100
0111000000000100
1010000100000000
0110000000000100
0111000100000100
1111000100000100
1110000000000101
0000000000000000
0111000000000001
0010000001000001
0010000000010001
0110000001000001
0010000000000001
0010000000000001
0010000000000000
0000000000000000
0110000001000001
0010000000010001
0010000000010001
0010000001000001
0010000000000001
1010000000000001
0110000001000000
0000000000000000
0111000001000001
0010000000000001
0010000000010001
0010000001000001
1010000001000001
1010000000100001
0010000001000000
0000000000000000
0110000001000001
0010000000000001
0010000000010001
0010000001000001
1010000001100001
1010000001110001
0010000000000000
0000000000000000
0110000001000001
0010000000010001
0010000001100001
0010000000010001
1010000001100001
1010000001100001
0110000000000000
0000000000000000
0110000000000001
0010000000010001
1010000001100001
0010000000010001
1010000000100001
1010000001100001
0110000001000000
0000000000000000
0110000000000001
0000000000010001
1010000001100001
0010000000110001
1010000000100001
1010000001100001
1010000000000001
0000000000000000
0010000000010001
0110000001000001
0010000000010001
0010000000000001
0010000001000001
0010000000010001
0010000000010001
0000000000000000
0010000000010001
0010000001000001
0010000000010001
0110000001000001
0010000000000001
0010000001000001
0010000000010001
0000000000000000
0010000000000001
0010000001000001
0010000000010001
0110000001000001
0010000000010001
0010000001000001
0010000000010000
0000000000000000
0010000000000001
0010000000010001
0010000001000001
0110000001100001
0010000000010001
0010000001100001
0010000000010001
0000000000000000
0010000000000001
0010000000010001
0010000001100001
0010000000000001
1010000000110001
1010000001100001
0010000000000001
0000000000000000
0010000000000001
0010000000010001
1010000001100001
0010000000010001
0010000000110001
1010000001100001
0010000000000001
0000000000000000
0010000000000001
0010000000010001
1010000001100001
0010000000010001
0010000000100001
1010000001100001
0010000000000001
0000000000000000
0010010000010001
0010100000000001
0010010000000001
0010000000010001
0010000000000001
0010000000010001
0010000000000001
0000000000000000
0010000010010001
0010100000000001
0010010000000001
0010000001000001
0010000000010001
0010000001000001
0010000000010001
0000000000000000
0010000010010001
0010000000000001
0010010000000001
0010000001000001
0010000000000001
0110000001000001
0010000000010001
0000000000000000
0010000010010001
0010000000000001
0010000001000001
0010000000000001
0010000001000001
0010000001000001
0010000000010001
0000000000000000
0010000010000001
0010000000000001
0010000001000001
0110000000000001
0010000001000001
0010000001000001
0010000000000001
0000000000000000
0010000000000001
0010000000000001
0010000001000001
0110000000000001
0010000000000001
0010000001000001
0010000000000001
0000000000000000
0011000000000001
0010000000000001
0110000001000001
0010000000000001
0010000000000001
1010000001000001
0010000000000001
0000000000000000
0010010000010001
0111110000000001
0111010000000001
0010100000000001
0010000000000001
0010010000010001
0110010000010001
0000000000000000
0010010000000001
0111110000010001
0011010000000001
0010000000000001
0110000000000001
0010000000000001
0010000000000001
0000000000000000
0010010000000001
0111000000000001
0011110000010001
0010000000000001
0110000001000001
0010000001000001
0010000000000001
0000000000000000
0010010010000001
0111000000000001
0011010000000001
0110000001000001
0110000001000001
0110000001000001
0010000000000001
0000000000000000
0011000010000101
0111010000000001
0010000000000001
0110000001000001
0110000001000001
0110000001000001
0010000000000001
0000000000000000
0011000010000101
0111000100000001
0110000001000001
0110000001000001
0110000001000001
0110000001000001
0010010000000001
0000000000000000
0011000000000100
0111000000000001
0110000001000001
0111000000000001
0110000001000001
0110000001000001
0110000100000001
