0000000000000000
1010011010010101
1010011010010101
1010011010010101
1010011010010101
1010011010010101
1010011010010101
1010011010010101
0000000000000000
1010011010010101
1010011010010101
1010011010010101
1010011010010101
1010011010010101
1010011010010101
1010011010010101
0000000000000000
1010011010010101
1010011010010101
1010011010010101
1010011010010101
1010011010010101
1010011010010101
1010111010010101
0000000000000000
1010011010010101
1010011010010101
1010111010010101
1010011010010101
1010011010010101
1010011010010101
1010011010010101
0000000000000000
1010011010010101
1010011010010101
1010011010010101
0000011010010000
1010011010010101
1010011010010100
1010011010010101
0000000000000000
1010011010010101
1010011010010101
1010011010010101
0000011010010000
1010011010010101
1010011010010100
1010011010010101
0000000000000000
1010011010010101
1010011010010101
1010011010010101
1000011010010100
1010011010010101
1010011010010101
1010011010010101
0000000000000000
1010011010010101
1010011010010101
1010011010010100
1010011010010100
1010011010010101
1010011010010101
1010011010010101
0000000000000000
1010011010010101
1000011010010100
1010011010010100
0000001110010000
1000011010010100
0000001110010000
1000011010010100
0000000000000000
1010011010010101
1000011010010100
1010011010010100
0000001100010000
1000011010010100
0000001110010000
1000011010010100
0000000000000000
1010011010010101
1010011010010100
1000011110010100
0000001100010000
1000011010010100
0000011110010000
1010011010010100
0000000000000000
1010011010010101
1000011010010100
0000011110010000
1000001100010100
1010011010010100
1000011110010000
1010011010010100
0000000000000000
1000001101010100
0000101101110010
1000101101010110
0000001101110000
0000001101111010
0000001101111010
0000101101010000
0000000000000000
1000001101010100
0000001101010010
1000101101110110
0000001101111000
0000001101111010
0000001101111000
0000101100010010
0000000000000000
1000001101010100
1000001101010000
0000101101110010
0000001101111010
0000001101111000
0000001101111010
0000001101010000
0000000000000000
1000001101010000
1000101101010110
0000001101111000
0000001101010010
0000001101111000
0000001101111010
0000001101010000
