0000001010101010000000101000100000000000000010001000001010101010000100000010100000010110000000000001000000000000010100100010100001010001001011000101000100100100010100010100010001010001010001000101111100101100010111110000110001011111000011000101111100000100
0000111000011010000011100101100000001011011111000000101101111110010011100101100001001110010110000000111001011000000011100101101000001110010110010000111000011001000011100001100000001110000110010000011001010001000001100001100100000110100110010000011010011001
0000110010110000000011001011000000000000101100000000010000110000000111100011000000100010000100000011010000110100001101100001000001111101000101000000110100010000000011110000000001111101000101000101110100010100000111011001110001011101100111000101110110010100
0101000001100000010100000010000001010100001000000111010001100000010000000110100001010000010000000100000001101000010000000110100001000010011010110100000001101010010000000110100011000000011010101000100001101001100000000110101010000000011010001000000001101010
0010010001000001001000010100000100100101010000010011010101000000101000010100000100100000000000010010000000000001001100000000000110100001000001001010000000000100101000000000010000100000000000001010000100100100101000010010010010100001001001001011000100100100
0111111001010000010001110101000001011111010001000111011101000000000010100100000000000010010000000100000101000000000110110100000000000010010000010000001001101000000000100110100000000010010000001000001001100001100000100110000110000010011000001000001001100000
0011000010010010001100001001001000110000100100001011000010010000000000001001001000110000000110100001000000100010001100001010001000000100001110110000000000100000000000000010000000010000001010100000000001100001000000000111000100000000001110010000000001101011
0000101011011000000010100100100000001010000110000000101001011000100010110111110000001011010001000000101001000100000010100100000000111011010001000010001101000100000000110100010000000011010001000111110110010100000101111001010001010101100001100101010100010100
0111000101000101011100110100000001110000010000000011000001000000000010010100011100001000010000110000100001000011001000000100001000001010000000100000101000010011000010000001001000001000000100100000101011010011000010101101001000000000100101110000100110000011
0011000000010000001100000000000000110000000000000011000000000001011111000001000101110000000100000111010000000000001111000001000101111100010000010111010000001001010101000000000001111100000100011111010001000001011101000101000111010100010000011111010001110001
0000000000000000000100000000000000000000000000000000000000000000000000000010000000000000000000000000000010100100000100001001000101010001000101000000000100100100000000010001010101010101000101000101010110000100010101010001110001110101000101000111010100010100
0000101101011000000010110101110100011010010110010000101001010100100011110101110100001011010111011000101101010100000010110101110000001011000101100000101100010110000010111001011000001011100100100000110010010010000011001001111000001100000100100000110010010010
1000000010101010100000001000001010000000100000101000000000101010100000000010101000000000000010101000000000000000100000000010100011000000001010101100000000101000110000000010100011000000011010001100001000101000110000000010100011000000001010001100000001101000
1000010110101010100001011000001010000100101000101000000010100010100000011010101000000100100000100000000010000010100000001010001010110001100001000011000100000100001100010000010010100001001001000111001100000110001100110000010000110011000001001011001101100110
1100000110101010100000011000101010100000100000101010000010101010100001011010101010000100000000101000010010000010100001001010101000000101100110100000000100010000000010001000001010001100101000100000110110011010001011011001011000101100100100100000110010010110
0001000000000000001100000000010000010000000001000001000000000001000000000011000000000000001101000000000000110000000100000001000101011100000101000001110010010000010101001001000101010100100100010101110100011100010111010001110001011101000111000101110100010100
