0110000101000101011000010100000101100001010000000110000101000100001000010100010100101000110000010010000010000011001000001000001000000000100000010000000010000001000000001000001000000000100000100000000000000001000000000001000100000000100100110000000010000011
1011000000000000101000000000000000000000000000001010000000000000100000001000010010000000100000001000000000000000000000000000000010000000000000001000000000000000000000000010000000000000000000000110000000100010110000000000011001100000001000101100000100000000
1110000101000110010000010100010001000001010000100100000101000000100000000000100000000000000000000000000000000000000000000000001010000000000000101000000001000000000000000100000000000000010000001000000001100011100000000110001010000000011000101000000001100010
0000000110000101000010011000110000001001100001010000000110000101100010011001010000000101100101000000110110010101000010011001010000000101100101000000000110010100000001011001010000001101100101000001000100000100001100011001010000010001100101000111010100010100
0000100010001010000010101000101000001010100110100000101010001010000010100001101000001010000110000000101000011000000010100000100000001110000110000100111000011000010010100001100000001110000110100000110000011000000011100001100100001110000110010000111000011000
1000000010000010100000001000001110000000100000111000000010000011100000001000001010000000100100000000000010000011000000001000001100000000100101100000000010010110000000001001011000000000100100100101110110010110010011011001011001001101100101100100110110010110
0000101000000100000010100000010000001010010000000000101000000100000010110000010000001011010001000000101101000100000010110100010000001011000001000100001100000100010000110100010001001011000001000100000110000100000010111000010001000011100001000100001110000100
0110000100000110011000010000001000100001000000101111000100000010000000001000001000000000100000100000000000000010000000001000001000000000000000100000000000000000000010001000000000000000100000100000000001100001000000000110000110000000011000010000000001100001
0000100010011000000010001000100000001000100100000000100010011000010100000010100001000000000010000101000000000000010000000010000001010000001000000101000000101000010000000000100011010000000000000101010100000000010101000000000001010100000010000101010000001000
0000101101001000000011111100100000001111110011001000101011001100100000010000000010000001100000000000000110000000100000011000000000000000100000100000000110000010000000010000011000000001000001100000100010000010000010001000011000001000100001100000000000000010
0100110101001010010011010001101011001111000110101100111100001010010000000100101000001101000010100100001100001010010000000000101000000000010010100000000001001010000000000000101000000000000010100000000001000011000000000100001100000000010000110000000001100011
0000000010000000000000001000000000000000100000000000000010000000000000000000000001000000000000000100000000000000010000000000000001010000001000000101000000100000010100000010000001010000001000001111000001100000110100000110000011010000011000001101000001100000
0011010001010101001101010101010100110101010101010011010101010001001000010100010100111001010101010010100101010101001000010100010100100001000101000010000110010100001000011000010000100101100101000010000010010000001000001001000000100100100100000010000010010000
0000101001000001010010100100000101001010010000010100101001000001000010100100000101001010010000010100101001000001010010100100000100000000010000010100000001000000000000000101100101000100000100010000010000010001000001000001100100000100000110010000010000010001
0000101001000001000010100100000100001010010000010000101001000001000100100100000100010010010000010000001001000001000100100100000101010010010000000101001001000000010100100100000001010000010000011101000001000000110100000000000001010000010000000101000000000000
0100110001000010010001000100001001001110010000100100011001000010010000010100001001000000010000100000000001000010000000100100001000000000010000100000000001000010000000000100001000000010010000100000000001100010000000000100001010000000011000100000000001100010
