0000000110000010000000011000001001000011100000100100000110000011000001010000001000001001010000100000101100000110010010101100001100000001000000100000000100000110000000110000001000000001000000101011010100001010100100010000101010010001000010101011000101001010
1111101001100100111110100110010011011010011001001111101001100100110110000110010011011000111001001101100001100100110110000110010011011000001001011101100000100101010110000010010100011000011001010000000000100001000000000010000100000000001000010000000000100001
0010000000001000001000000000100000100000000010000010000000011000001000000100001000100000000000100010000000100000001000000001000000001000000001110000000000010011000000000001001000000000000100010100101010010111010000101001011101000010100101110100001010010111
0001100101100101000110010110010100001001011001010000100101100100000010010000010100001001000001010000100100010001000010010100010100000001000000000000000100000001000000010001100000000001000000000000000100001000000001010000100001000101000110000000010100011000
0000101011100111000010001110011000001011100001100000101011000111000100001100001100000000100000110000000011000001101100011100000000000101100100100000000110000010000000011100001000000001100000100000010110011010000001011001101000000101100000100000010110011010
1101101000000100110110100000000111010010000000001101001100000100100100010000000010100001000000000101000100000000000000010000000000010001000000000001000100001000001100010000100000000001000000000000101101101000000110110110100000011011011010000001101101101000
0000010000000000000001000000000000000100000000000000010000001000000001010000100000000111000010000100111100001000000001111000100000001111010010000000101101001100000010110100000000001011000010000000101101101110000010110110110000011011011011000000101101101100
0000101001100100001010100100010011101010010001000110101001100100011010000101010101100000000101010110000001110111000100000111010000100000001000011010000000010000111000000001000001000000000100001000000000000000100000000000000110000000000000011000000000000001
0011000100000000001000000000001000000000000000000000000100001000001000000100011000100000000000100000000000000010001000000000101001101010010101100100101000010110011000100000001001100110000010100100101010010111011000101001011111000010100101100110101010010010
0000010000001001000001000001100100000100010011010000010001001101000001000100100000000100010010000000010001001100000001000101100000000100010010000000011001001000000001100100100000000110010110000000110001101100000011000110110000001100011011000000101001101100
0001000101000111000100000000011100000000010001110000000010000111000000010000000100000000010000010000000010000001100000000000001100000001000100010000001110010011000000111001001110000011100000000010010110001010100001011001101000000101100000101000010110010010
0000100001000101000010000100010100001000010001010000100001100101000000000000010100000000010100010000000000000001000000000100110100000100000010010000000000001000000001000000000000000000000000010000010100011000000001000000100000000100000110000000010000011000
1011000000010010101100000001001010110000000100100010010010010010001000000001000000110000000000101010000000000010001001010000000010100011000000001011001100000001011000110000000110000011000000001100101100010101110000110001011111000011000101011100101100010101
1100000110000010101000011000001010000001100000101100000110000010010000001000001001000000000000100000000000000010010000001000001000001010000000100000101010000010000000100000001001001010000000100000101000000110110010100000011001001010000001100100101010000010
0001000000000001000100000001000100010000000000010001000000010000000000010000000000010001001000000000000100000000000000110000000000000011000000000000101100000100010000110000000000000011000000000110101100000101010010110000010101001011000101001100101100000100
1010101001000000100010100100000000101010010000000000101000000000001000100000000000100010000100000010001000000000001000000000000010111000001000001011100000000000101110000000000010111000000000001011100001100100101110000110000010111000011001001011100000100000
