0011001001010101101100000001010000110000000100000011000000011000101100000001000010110000000100000011000000011000001100000000100001010000000100010101000000000000001001000000100000010000001010000100101000010101010010100001010101001010000101010100101000010101
0000010000001001000001000000000100000100000000010000010010001001000001010000101000000001000000000000000100000000001001010001001000100101000010000000010100000000001000010000000000100101100100100010011111011010001001110000000000100011000100000010011010010010
1100101000000101110010110000010011001011000000001100001100000000110000110000100111000011000001011100001100000000110000110000000010000101000010001000001100001000000000110000000000000001000000000001010100101000000101010010100000110101011010000001010100001000
1010010010011010101001001000001010100100100100101010010010010010101001001001001010100100100000101010010010000010101001001000001010110000100000101001000000100010101100000010001010010000001000100011100010100010000110000010001000010000001000111001000000100010
1100010000011000110001000001000001000100000110000100010000010000110001100001000001000010000100000100111000010000010010100011100001101010000000000100100000000101010010000000010001001000001001000100101001100101000010100110000001001010011000001100101001100000
0000010010011010000001001000101000000100100010100010010010011010000001001001001000000000101000100000010010010010000001001011001100000100100101100000000010010010000000001001001100000000100100110000010010010011000000001001001000000000100100110100000010010011
1011101001100100111100100100010010110010000000001011100000000100101100000001010110100000000000011010000000000000101100000000000000110000000100010011000010000001001000000000000000000000000000000001000000010001000000001001000100000000000100010000000000000001
0000010100001000000001010000000100000100000000000000010000001001000001010000100000000101000000000000001100000000000001010000000000001111000010100000111100000100000010110000010000001011000000000010111010011110001011110100011000101111010011100010111101101110
1100101010010101110010100000000111001010001000001100101000100000110001000000000010000001000000010101000100000000100000000000000010000101000010001001000000000000100100000000000100010000000000010001010100001000000101010110100000010001011010000001010100001000
1111001010000010111100100000001011110010100000101101001000000010111100001010001011010010001000001101000000000000110100000000000011110000100000011111000000000001111000000000000010000000000000001111000000000001110000000000001110100000000000111001000000000000
1100010000010000110001000001100011000100000100001100010000011000110011000010000001001100000000000100110000111000000010000010100000001000001000000001100000101000001000000010100000010000001010000101101001100000000110100110000000011000011000000001101001100000
1110011100000000111001110000000011100010000000001110001100000000111000110000000010110011000000001100101000000000111100110000000011111010001000001111100000000000110110000010000011011000001000001011100000100010101010000010011011101000001000101100100000100010
0100101101100100000010010110010000001011011000000000101101100100000010000010010000001000001000000000100010000000000010000010010000001000101000000000110010101000000001001110000000001000001000000001000001101000000100000110100000010000011010000001010001101000
0001101001100101000110000111010000001000011101010000100001100101000100000100110100010000010111010010000001011100000110000101010100010100010110000001010000011000001100000100100000010100010110000001010100011000000101000000100000110000010010000001010101001000
0110111001100110010011100000001001001110000000100100101001100110001011101001001100101100000100100010000000000010001110000000000100010000110100100011000010010010000100001001001000010000111000110001000011101010000100000110101000010000001000000001000000101000
0100010110011001010001001001100101000100100110000100010110011011000001001000100100000100100010010000010010101001000001001011100100000100000010010000010000001001000001000000100100000101100110010000010100011001000001010000100100000101000010010000010100011011
