0000000000000000
0000010010011010
0000010010111001
0000010110011011
0000010011111000
0000010110111001
0000010010111011
0000010111011001
0000000000000000
0000010010101000
0000010111111000
0000010010011011
0000010110101000
0000010011111001
0000010111111001
0000010110111000
0000000000000000
0000010110101000
0000010011101000
0000010110111000
0000010111101000
0000010011111001
0000010111101000
0000010100111000
0000000000000000
0000010111101000
0001010001101000
0000010111101000
0000010001101000
0000010111101000
0000010111111000
0000010110101000
0000000000000000
0000010101101000
0001010011101000
0000010011101000
0000010101101000
0000010011101000
0000010111101000
0000010001111000
0000000000000000
0001010101101000
0000010011101000
0000010111101000
0000010101101000
0000010111101000
0000010111101000
0000010001101000
0000000000000000
0001010101101000
0000010101101000
0000010011101000
0000010111101000
0000010001101000
0000010111101000
0000010001101000
0000000000000000
0001010101101000
0000010111101000
0000010011001000
0000010111111000
0000010001101000
0000010111101000
0000010011101000
0000000000000000
0001010101101000
0000010011101000
0000010101001000
0000010011111000
0000010101101000
0000010011101000
0000010111101000
0000000000000000
0000010001001000
0000010011111000
0000011111001000
0000010011111001
0000010110101000
0000010011111000
0000010110001000
0000000000000000
0000010111101000
0000010111101000
0000010111111001
0000010111101000
0000010111101001
0000010011111001
0000010111101000
0000000000000000
0000010111101000
0000010111101000
0000010111101000
0001010111101001
0000010111101000
0000010011111001
0000010111101000
0000000000000000
0001010101101000
0000010111101000
0000010111101000
0000010011101000
0000010101101000
0000011111101001
0000010101101000
0000000000000000
0001010101101000
0000010111101000
0000010111101000
0000010011001000
0000010101101000
0000011111101001
0000010101101000
0000000000000000
0000010101101000
0000010111101000
0000010111101000
0000010101001001
0000010101101000
0000011111101000
0000010101101000
0000000000000000
0000010101101000
0000010111101000
0000010101101000
0000010101101001
0000010101101000
0000010111101000
0000010101101000
0000000000000000
0000010101101000
0000010101101000
0000010111101000
0000011101101001
0000010101101000
0000010111101000
0000010100011000
0000000000000000
0000010100101000
0000010111101000
0000010100101000
0000010111111001
0000010101101000
0001010111101000
0000010110011000
0000000000000000
0000010101101000
0000010101101000
0000010100001000
0000010011101001
0000010101111000
0000010110101000
0000010111011000
0000000000000000
0000010101101000
0000010011101000
0000010100001000
0000010111101001
0000010011111000
0000010111101000
0000011110011001
0000000000000000
0001010001101000
0000010111101000
0001110101101100
0000010111101001
0001010111001001
0000010011111101
0000010011101000
0000000000000000
0001010001101000
0000010111101000
0001010111101100
0000010011101001
0001010111101001
0000010011111001
0000010111101000
0000000000000000
0001010011101000
0000010111101000
0000010101101001
0000010011011100
0001010101101001
0000011111010001
0000010111101000
0000000000000000
0001010011101000
0000010101101000
0000010111101000
0000011001010101
0001010111101000
0000010110000001
0000010011101000
0000000000000000
0001010011101000
0000010101101000
0000010111101000
0000011001000101
0001010111101000
0000010111010000
0000010111101000
0000000000000000
0001010001101000
0000010111101000
0000010101101000
0001011001011001
0001010011101000
0000010111011001
0000010101101000
0000000000000000
0001010001101000
0000010101101000
0000010111001000
0001011001100001
0001010011111000
0000010111101000
0000010100101001
0000000000000000
0001010001101000
0000010101101000
0000010111001001
0001011001110001
0001010011101000
0000010111111001
0000010011001000
0000000000000000
0001010101101000
0000011001101100
0000010100001001
0001010011110000
0000010011111001
0001010111101000
0000010010011001
0000000000000000
0001010101101000
0000011001100100
0000010110011001
0001010011100000
0000010001111001
0000010011101000
0000010010011001
0000000000000000
0000000001000101
0100100001010101
0101101001100101
0000010001110000
0000010001001101
0100111001010101
0000010001111101
0000000000000000
0100000001010101
0000101001010101
0101001001000101
0000010011010001
0000001001110101
0100111011010101
0000010001011001
0000000000000000
0000000001010101
0100101001010101
0101001001010101
0000010011010001
0000001001000101
0100011011010101
0000010001010101
0000000000000000
0000000001010101
0100001011000101
0100101001010101
0000010011010001
0100001001000101
0100011011010101
0000010001010001
0000000000000000
0000000001010101
0100101001010101
0100001011010101
0000110001010101
0100001010010001
0100011011010101
0000010000000000
0000000000000000
0000000001010101
0100001001010101
0100001000000101
0000101001010101
0100010010010001
0100001011010001
0000010000000101
0000000000000000
0000000001010101
0100101001010101
0100000000010001
0100001001010101
0000000010010001
0100010011010101
0000011000000001
0000000000000000
0000000001000100
0100101001010101
0100000000010001
0100001001010101
0000000010010101
0100010011010001
0000010001000001
0000000000000000
0000000001000101
0100101001010101
0100000000010001
0100000001010101
0000000011010101
0100000010010001
0000011001010001
0000000000000000
0000000001000100
0100101001010101
0000000000010001
0100000011010101
0000000001010101
0100000010010001
0000011001010001
0000000000000000
0101101001010101
0000000001010101
0101101001000101
0000000001010101
0100101001010101
0100101001010101
0000001001010101
0000000000000000
0101101001010101
0000000001010101
0100101001010101
0001000001010101
0100001001010101
0100101001010101
0100001001010101
0000000000000000
0100100001010101
0001001001010101
0100101001000101
0001000000010001
0100000001010101
0100101001010101
0000001001000101
0000000000000000
0000000001010101
0101101001010101
0100101001000101
0000000001010001
0101001001010101
0100101001010101
0000001001000101
0000000000000000
0000000001010101
0101101001010101
0100001001010101
0000000001010001
0101000001010101
0100101001010101
0000000001010001
0000000000000000
0000000001010101
0101001001010101
0100000000010101
0001100001010101
0100001001010101
0100000001010101
0101000001010101
0000000000000000
0000000001010101
0101101001010101
0000000000010001
0101000001010101
0100001001010101
0100000010010001
0000100001010101
0000000000000000
0000000001010101
0000101001010101
0101000000010001
0000101001010101
0000000001010101
0100000010010001
0001000001010101
0000000000000000
0000000001010101
0000101001000100
0101000000010101
0100101001010101
0000000001010101
0100000010010001
0000000001010101
0000000000000000
0000000001000101
0000101001010101
0100000001010101
0100101000010101
0000100001010100
0100000000010001
0001001001010101
0000000000000000
0001101001100101
0101000001010101
0001101001000101
0000001001010100
0100101001010101
0000001001010101
0000100001010100
0000000000000000
0101101001000101
0101000001010101
0101101001010101
0000001001010101
0100101001010101
0000000001010101
0000101001010101
0000000000000000
0101101001010101
0100001001010101
0101101001000101
0000000001010101
0100101001010101
0001000001010101
0100101001000101
0000000000000000
0101101001010101
0100001001010101
0101101001000101
0000000001010101
0101101001010101
0000000001010101
0100101001010101
0000000000000000
0000101001010101
0101000001000101
0100101001010101
0001000001010101
0100000001010101
0001101001010101
0100101001010101
0000000000000000
0001101001010101
0000000001010101
0101001001010101
0001000001010100
0100101001010101
0000000001010101
0100101001010101
0000000000000000
0001100001000101
0000001001010101
0100000000010101
0001001001010100
0100101001010101
0000000001010101
0100101001010101
0000000000000000
0001100001000100
0000001001010101
0100000000010101
0011001001010100
0000101001010101
0100000000010101
0000100001010101
0000000000000000
0001100001000100
0000001000010001
0010000001010101
0000101001010100
0000101001010101
0100000000010001
0001000001010101
0000000000000000
0001101001000100
0000000001010001
0000000001010101
0010001001010101
0000100001010101
0000001000010001
0000100001010101
0000000000000000
0001101001100100
0011101001000101
0001000001101101
0010101001010100
0001000001001101
0000101001011101
0001001001000101
0000000000000000
0001101001100101
0011101001010101
0001000001000101
0000101001010101
0001101001000101
0010000001010101
0001101001001100
0000000000000000
0001101001000101
0011100001110101
0001001001000101
0110100001010101
0001101001000101
0001100001010101
0000101001000101
0000000000000000
0000101001000101
0001100001110101
0001001001000101
0110100001010101
0001001001010101
0001100001000101
0000101001010100
0000000000000000
0001101001000100
0001000001110101
0011101001000101
0000000001010101
0000101001010101
0111000001010101
0000101001000101
0000000000000000
0001101001000100
0000000001100101
0011000001010101
0000101001010101
0000100001010101
0001001001010101
0000101001000101
0000000000000000
0001101001000100
0010000001100001
0001000001010101
0010000001010100
0000000001010101
0001000001010101
0001001001000000
0000000000000000
0001000001000100
0010000001101000
0010000001010101
0001000001010000
0000000001010101
0001100001010101
0001000001000000
0000000000000000
0001000001000100
0010000000001000
0000000001010101
0011010001100000
0000000001010101
0000000001010101
0001000001000000
0000000000000000
0001000001000100
0011000001101000
0000000001010101
0000010001001000
0011000001010101
0000000001010101
0001010001100000
0000000000000000
0001000001101100
0011101001101100
0011000001101100
0000111101001000
0011000001000101
0001100001101100
0010011001000101
0000000000000000
0001000001001100
0011101001100100
0001000101001100
0010101001100101
0001000001001101
0010101001000100
0001000001001101
0000000000000000
0011000001000100
0001101001101101
0011000101101100
0001101001000101
0011000001000101
0011101001001100
0001001001000101
0000000000000000
0001000001000100
0011101001101101
0001001001101100
0011000001000101
0001100001010101
0011001001010101
0000001001001000
0000000000000000
0001000001000100
0011101001101101
0001000001000100
0010100001011101
0001001001000101
0011100001110101
0000001001001000
0000000000000000
0001000001000100
0011000001101101
0001100001001101
0010000001010100
0001000001010101
0011000001110101
0001000001001100
0000000000000000
0001000001001100
0011000001100001
0000000001011101
0011000001001100
0001000001010101
0010000001110101
0001000001000000
0000000000000000
0001000101001100
0011000000101000
0000000001010101
0011010001001000
0001000001010101
0010000001110101
0001000001001000
0000000000000000
0001000101001100
0011000000001000
0000000001110101
0001010001001000
0011000001110101
0000000001011101
0001000001100000
0000000000000000
0001000101001100
0011000001101100
0000000001110101
0001010001001000
0011000001100100
0000000001011101
0001000001101000
0000000000000000
0001101001101100
0011000001101100
0011101001101100
0001010101001000
0011010001101101
0010010001001100
0011100001101101
0000000000000000
0001000001101100
0011001101101100
0001100001101100
0011001101001000
0011000001101101
0010010001000000
0011101001001101
0000000000000000
0001000001101100
0011001001101100
0001101101101100
0011000001001101
0011000001101101
0000000001100000
0011101001001101
0000000000000000
0001000001001100
0011001001100101
0001101101101100
0011000001000101
0011000001101101
0001000001001101
0011100001100100
0000000000000000
0001000101001100
0011000001100101
0001101001001100
0011000001100101
0011000001001101
0001100001101101
0011000001001100
0000000000000000
0001000101001100
0011000001100101
0001101001100100
0001000001001101
0011000001111101
0001100001100101
0011000001011100
0000000000000000
0001000101001100
0011000001100101
0001101001100101
0001000001011101
0011000001100100
0001000001110101
0001000001001100
0000000000000000
0001000101001100
0011000001100101
0011100001110101
0001000001011101
0011000001101100
0000101001010101
0001000001100000
0000000000000000
0001000101001100
0011000001100101
0001100001110101
0011000001011101
0011000001101100
0000100001010101
0001000001010101
0000000000000000
0001000101001100
0011000001100101
0010100001110101
0001000001001100
0011001001111100
0000100001010101
0011000001000001
0000000000000000
0001000001101100
0011001101101100
0001100001101100
0000010101101000
0011000001101100
0011010001001001
0001010001101100
0000000000000000
0001000001101100
0011001101101100
0001100101101100
0001001001001000
0010110001101101
0011010001000100
0001000001001101
0000000000000000
0001001001101100
0011100001100100
0001001101101100
0001000001100100
0010100001101101
0011000001000100
0001010001101100
0000000000000000
0001000001001100
0011101001100100
0001000101101100
0011101001100101
0011100001101100
0011000001001101
0001000001101100
0000000000000000
0001000101001100
0011101001100101
0001000001001100
0011100001100101
0010101001001101
0011000001101100
0001000001001101
0000000000000000
0001000101001100
0011100001100101
0001001001001100
0011100001110101
0010000001001101
0011100001110101
0001000001001000
0000000000000000
0001000101000100
0010100001101101
0001100001010100
0011000001111101
0010101001010100
0011100001101101
0011000001010101
0000000000000000
0001000101000100
0010000001011101
0011100001110101
0001000001110101
0010100001011101
0011001001010101
0011000001011101
0000000000000000
0001000101001100
0010000001010101
0001100001110101
0010000001010101
0011100001001101
0001001001110101
0010100001010101
0000000000000000
0001000101001100
0010000001100101
0010101001010101
0011100001110101
0011000001000101
0011101001011101
0010000001010101
