1010100000000010110000000000001000001000000000100000000000000010110010000000001001001000000000100100000000000010000000010000001001000011000000100100001100000010010000100000001000000010000000100100011000001011010001100000001101000110000000110100011000001011
0101000001000001010100000100000101000000011000010100000001000001110000000010000111010000001000011100000000100001010000000000000111000000000000011100000000000001110000000000000101000000000000011100000000010001110000000001000111000000000010011100000000000001
0011101110100010000100111010001000011011101000100000011100100010001011111000101000000111100000100000011110000010000101111010001001100100100000101100000110000000010000011000001000000001100100101100010100010000110000000001000111000000000100111100000000010000
0100001000000111010001110000001000000010000000100000001000000010000000000000001000000010000000100000001000000010000000100000001000010000011000000001000000100000000110001110011010110000101000000011100000100000001110000010000000111000001000001011101000100000
0000100000000000000000000000000000000000000000000000000000000000100010000000000010001000000000001100000000000000100000000000000010000000000000001100000000000000110000000000000010000000000000001100000000000001110001000100010111000100000000010000010000000100
0000000100010110000000010000001100000001000000110000010100010011000000011001001000000011100100110000010100010010000000110000001010100001100000101010000110000010100000011000001010100001100000101010000110100010101000010010001010101001001000101011100100000010
0000011110010110000001111001001000000111100100100000010110010010000001111001001000000111100100100000011110010010000001111001001000000001100100100010000110010010000000011001001000000001100000101000000000100000101000000000000010100000001000001000000000000000
0100000001000001010000000100010101000000010001010100000001000001010000000100000101000000010000010100000000000001010000000000000111000000000000011100000000000001110000000000000101000000000000011100000000000001110000000000000111000000000000010100000000000001
0000000100000010000000000000000000000101100000000000000110000000000001001000011000000000000001000000000010000010000000011000001000011000110001100001100011000110001100001000011000011000110001100001101011000100000110101100011000011010111001100011100011110110
0001000101101100000110010100010000010001010001000001000101010100000001010000011000000101000100100000010100000010000001100000001000000100100100100000010010110000000001001001000000000101100100001100010010110000000001011011000000000101100100000000010110010000
0000001001000011010000100100001001000010000000100000000001000010000000000100000000000000010000100000000001000010000000000100000000010000010000000001000001100000000000000110001000000000011000000001100000100000100110000010000000011000001000000000000000100000
0001001101100100000000010110010000000001000001000001000101000000000011110001011000000111000100100000011100010010000101110001001000000101100100100110010110010010010000011001001001001001100100101110010010010010110000011011000011000001100100001100000110010010
1001000010100000100100001011100010110100101010001010000010111000101000001001000010100000100110001010000010011000101000001000100010100000100100001010000000011000101000000001000010100000000110000011100010000110001100000000011000111000000001100011101000000110
0000101000000000001110100000000000111010000000000011101000000000000100000000000000011000000000000011100000000000001111100000000000111100001010000011100000101000001100000011000000110100001010001010110000101000101010000000100010011000000010000011000000001000
0000000100110000000000010011010000100000000101000010010000010100001000001001000100000001100100010000000100010001001000011001000001000000100100010100000010010001010000011001000000110001100100000000010011011001000001011101100101000101100110010100010110010001
0000010001010000000001001101010001000100110110010000010011011000100000001001000111000000100100011010000010011001011001011001100110000000100100001110000010010001111000001001000111100000100110011110000000010001111000000001000111100000000100011110000010011001
