0000011001100101000001111110010000000110111001000001011011000101000001000110010000000100010101001010010011110000100001101111000100100100011101000010010000110000001000000001000010000000101100001011100000100000101110011010000010111001001100001011100110110000
0010011110001010000001111001101000100111100010100000011110011010001001111000101000000111100100000000011110000010000001111001001000100111100010100000000110000010000000011000001000000111100000000000001111000010001000011000001000000001100000100000000111000010
0100000001000001110000000100010101000000010001010100000001000001010000000100010111000000010001011000000001000001010000000100010100010000010001010000000000000100001000100000000000000010010000000001101000001100000110100000100000011010100000000001001001000100
0011000010111000101100001011100010100000001010001011000000101000011001011001100001100100000100001100000000011000000000000001100001000111100110000100010000011000010001000001100000000100000010000100010110011111010001011001100101000101100110010100010110011001
0000010110001101000001011001010000000101110100100100010110010011001001011001111000000101100011100000010110000010000001111000001000100001101000100010100110000010001000011000001000111011100000100011100110100010001110011010001000111001101000100011100110100010
1011101000001000100110100010100010011000001010000000100000101000010000000000100000000000000010000000000000100000000100000000110000010100000001000000001000000100000001000000110000000100000001000000010001011101000001000101010101000100010101010000010001011101
1100000001001001110000000100000011000000010010001100000000000000110000000100010111000000010000001100000001000000000000000100010000000000010011000000000001000100000100000100110000000000011011000100011001001101010001100100110100000110010011010101011011011101
0010111110001010001011111000101000110111100010100011111110011010001001111000100000000111100010100000011110011010000111111001101000100101100010100010011010001010001001111000001000111111100000100011110110101100001101011011100000111101101000100011110110100000
1011000000110000101100000111000010100000011000001000000000100000100000000010000010000000001100001000000000110001100000000010000011000101001100001100000000110000110001000001100011000000000000001100000100001001110000010000100111000001000010011100000000001001
1100010000000010111001000000001011000000000000001110000000000010110000000000000011100000010000001000100001000000111000000000000010100010010011001010001000001000100000100000000010000010000001000011101000000110000110100000111000110010010011100011001000101100
1011100010111000101000001011100010101100101110001011110010111000101001001001100010101100100110001010010010011000101101011001100001100101100110000010010010011000001001011001100000100101100110000110010110011011010001011001100101000101100100010100010110011001
0100000000001000000000000000100001100000100010000110000010001000110000000100000010000000010000001010000011000000101000001100000010010000011001000001000000000100100100000110000010000000011011000001101001000100000100100000110000010010000011000001001001001100
0100101001000111010010100100011001001010010000100100000000000011000010100110011000001010001001100100100000100010010000000010001000000100001001100000000000100010010001100010001001000100001000001100010000110001110001000001000111000100000100011100010000110001
1100010110011011110001011001001100000101100001110000010110010111100000011001001000000001100100100000000110010110000000011001011000000011100000100000001110000010000000011000001000000001100000100000001100000010000000011000001000000001100000100000010100000010
1100011000001010010001100000101001000010000000101100001000000010100100100110001010010010001000101000001001100000110000100010001000011010001001100001101000101110100000000010101010000010001010100011101000100110001110100010011000111000001000101010100000000100
0001101100000010000110000000001000011000000000100000100000000010000110100000001000010010001000100000001000100010000000100010001000001110001000100000001000100010000000100010001000000010001000100000111100100010000010100110001000000010000000100000000000000010
